1996
JANUARY
FEBRUARY
MARCH
s
14
21
28
14
21
15
22
29
22
29
s
12
19
26
s
10
17
24
s
16
23
w
13
20
27
w
12
19
JULY
T
16
23
16
23
30
T
16
23
30
s
25
M
12
19
26
MAY
T
13
20
T
14
21
w
14
21
28
w
22
29
w
14
21
28
M
11
25
M
24
T
12
19
26
T
6
13
27
AUGUST
SEPTEMBER
s
14
21
M
22
29
S
11
18
12
19
20
22
29
16
23
so
11
24
to
21
OCTOBER
NOVEMBER
DECEMBER
s
20
27
M
14
21
28
10
17
24
31
10
17
24
10
17
24
31
16
23
30
18
25
23
11
23
10
24
31
F
12
19
26
F
12
19
20
F
12
19
26
F
11
s
20
s
20
21
s
13
20
27
s
20
s
9
16
2.3
30
s
s
14
21
2s
s
14
21
15
22
29
s
10
17
24
M
11
w
11
12
26
6
13
20
27
22
29
16
23
22
14
21
28
F
16
23
F
10
17
24
F
16
30
F
22
29
s
10
17
24
s
11
s
10
24
s
9
16
23
s
22
29
23
T
10
24
31
14
21
28
20
21
12
19
20
12
19
20
F
22
F
14
F
13
20
21
F
20
21
95/D/e/12
